MsgID.GLOBAL_POSITION,0.0000000,-122.3957521,37.7932807,-0.0130000
MsgID.LOCAL_VELOCITY,0.0000000,0.0000000,0.0000000,0.0000000
MsgID.LOCAL_POSITION,1760.7190000,-0.1262911,-0.0643647,0.0134684
MsgID.LOCAL_VELOCITY,1760.7190000,0.0000071,-0.0000138,-0.0000198
MsgID.GLOBAL_POSITION,0.0000000,-122.3957520,37.7932807,-0.0390000
MsgID.LOCAL_VELOCITY,0.0000000,0.0000000,0.0000000,0.0000000
MsgID.LOCAL_POSITION,1760.9690000,-0.1254244,-0.0605463,0.0392878
MsgID.LOCAL_VELOCITY,1760.9690000,0.0000064,0.0000034,-0.0000090
MsgID.STATE,0.0000000,True,True,1
MsgID.GLOBAL_HOME,0.0000000,-122.3957513,37.7932818,0.0000000
MsgID.GLOBAL_POSITION,0.0000000,-122.3957517,37.7932815,-0.0430000
MsgID.LOCAL_VELOCITY,0.0000000,0.0000000,0.0000000,0.0000000
MsgID.LOCAL_POSITION,1761.2190000,-0.0329520,-0.0302266,0.0432811
MsgID.LOCAL_VELOCITY,1761.2190000,0.0000422,0.0000035,0.0001573
MsgID.GLOBAL_POSITION,0.0000000,-122.3957501,37.7932817,-0.0230000
MsgID.LOCAL_VELOCITY,0.0000000,0.0000000,0.0000000,0.0000000
MsgID.LOCAL_POSITION,1761.4700000,-0.0075217,0.1120587,0.0232978
MsgID.LOCAL_VELOCITY,1761.4700000,0.0000103,0.0000004,-0.0000026
MsgID.GLOBAL_POSITION,0.0000000,-122.3957504,37.7932804,0.0130000
MsgID.LOCAL_VELOCITY,0.0000000,0.0000000,0.0000000,0.0000000
MsgID.LOCAL_POSITION,1761.7200000,-0.1558541,0.0814286,-0.0139531
MsgID.LOCAL_VELOCITY,1761.7200000,-0.0000013,-0.0000181,0.0000091
MsgID.GLOBAL_POSITION,0.0000000,-122.3957511,37.7932798,0.0710000
MsgID.LOCAL_VELOCITY,0.0000000,0.0000000,0.0000000,0.0000000
MsgID.LOCAL_POSITION,1761.9690000,-0.2186989,0.0245558,-0.0712472
MsgID.LOCAL_VELOCITY,1761.9690000,-0.0000026,0.0000017,-0.0000469
MsgID.STATE,0.0000000,True,True,1
MsgID.GLOBAL_HOME,0.0000000,-122.3957513,37.7932818,0.0000000
MsgID.GLOBAL_POSITION,0.0000000,-122.3957511,37.7932797,0.1290000
MsgID.LOCAL_VELOCITY,0.0000000,0.0000000,0.0000000,0.0000000
MsgID.LOCAL_POSITION,1762.2200000,-0.2279927,0.0177158,-0.1293558
MsgID.LOCAL_VELOCITY,1762.2200000,0.0000136,-0.0000080,-0.0000706
MsgID.GLOBAL_POSITION,0.0000000,-122.3957521,37.7932805,0.1800000
MsgID.LOCAL_VELOCITY,0.0000000,0.0000000,0.0000000,0.0000000
MsgID.LOCAL_POSITION,1762.4710000,-0.1472200,-0.0632885,-0.1803869
MsgID.LOCAL_VELOCITY,1762.4710000,-0.0000016,-0.0000085,0.0000195
MsgID.GLOBAL_POSITION,0.0000000,-122.3957538,37.7932807,0.2160000
MsgID.LOCAL_VELOCITY,0.0000000,0.0000000,0.0000000,0.0000000
MsgID.LOCAL_POSITION,1762.7210000,-0.1252498,-0.2138625,-0.2160497
MsgID.LOCAL_VELOCITY,1762.7210000,0.0000283,-0.0000171,0.0000754
MsgID.GLOBAL_POSITION,0.0000000,-122.3957538,37.7932816,0.2310000
MsgID.LOCAL_VELOCITY,0.0000000,0.0000000,0.0000000,0.0000000
MsgID.LOCAL_POSITION,1762.9710000,-0.0251327,-0.2164495,-0.2314838
MsgID.LOCAL_VELOCITY,1762.9710000,0.0000123,0.0000024,-0.0000139
MsgID.STATE,0.0000000,True,True,1
MsgID.GLOBAL_HOME,0.0000000,-122.3957513,37.7932818,0.0000000
MsgID.GLOBAL_POSITION,0.0000000,-122.3957524,37.7932812,0.2270000
MsgID.LOCAL_VELOCITY,0.0000000,0.0000000,0.0000000,0.0000000
MsgID.LOCAL_POSITION,1763.2220000,-0.0610598,-0.0895517,-0.2272843
MsgID.LOCAL_VELOCITY,1763.2220000,-0.0000015,-0.0000017,-0.0000413
MsgID.GLOBAL_POSITION,0.0000000,-122.3957505,37.7932795,0.2080000
MsgID.LOCAL_VELOCITY,0.0000000,0.0000000,0.0000000,0.0000000
MsgID.LOCAL_POSITION,1763.4720000,-0.2567085,0.0716911,-0.2080423
MsgID.LOCAL_VELOCITY,1763.4720000,-0.0000069,-0.0000219,0.0000384
MsgID.GLOBAL_POSITION,0.0000000,-122.3957519,37.7932803,0.1770000
MsgID.LOCAL_VELOCITY,0.0000000,0.0000000,0.0000000,0.0000000
MsgID.LOCAL_POSITION,1763.7230000,-0.1623539,-0.0488426,-0.1779400
MsgID.LOCAL_VELOCITY,1763.7230000,0.0000109,-0.0000017,0.0000133
MsgID.GLOBAL_POSITION,0.0000000,-122.3957520,37.7932806,0.1430000
MsgID.LOCAL_VELOCITY,0.0000000,0.0000000,0.0000000,0.0000000
MsgID.LOCAL_POSITION,1763.9730000,-0.1269184,-0.0605463,-0.1433224
MsgID.LOCAL_VELOCITY,1763.9730000,-0.0000068,0.0000238,0.0000267
MsgID.STATE,0.0000000,True,True,1
MsgID.GLOBAL_HOME,0.0000000,-122.3957513,37.7932818,0.0000000
MsgID.GLOBAL_POSITION,0.0000000,-122.3957520,37.7932803,0.0990000
MsgID.LOCAL_VELOCITY,0.0000000,0.0000000,0.0000000,0.0000000
MsgID.LOCAL_POSITION,1764.2230000,-0.1703866,-0.0596770,-0.0995346
MsgID.LOCAL_VELOCITY,1764.2230000,0.0000107,-0.0000063,-0.0000377
MsgID.GLOBAL_POSITION,0.0000000,-122.3957523,37.7932808,0.0600000
MsgID.LOCAL_VELOCITY,0.0000000,0.0000000,0.0000000,0.0000000
MsgID.LOCAL_POSITION,1764.4740000,-0.1124442,-0.0870372,-0.0600887
MsgID.LOCAL_VELOCITY,1764.4740000,-0.0000023,0.0000142,-0.0000404
MsgID.GLOBAL_POSITION,0.0000000,-122.3957525,37.7932809,0.0270000
MsgID.LOCAL_VELOCITY,0.0000000,0.0000000,0.0000000,0.0000000
MsgID.LOCAL_POSITION,1764.7240000,-0.0940376,-0.1031387,-0.0273962
MsgID.LOCAL_VELOCITY,1764.7240000,-0.0000027,0.0000233,0.0000265
MsgID.GLOBAL_POSITION,0.0000000,-122.3957520,37.7932806,0.0060000
MsgID.LOCAL_VELOCITY,0.0000000,0.0000000,0.0000000,0.0000000
MsgID.LOCAL_POSITION,1764.9770000,-0.1270801,-0.0612499,-0.0060792
MsgID.LOCAL_VELOCITY,1764.9770000,0.0000328,-0.0000090,0.0000035
MsgID.STATE,0.0000000,True,True,1
MsgID.GLOBAL_HOME,0.0000000,-122.3957513,37.7932818,0.0000000
MsgID.GLOBAL_POSITION,0.0000000,-122.3957520,37.7932807,-0.0040000
MsgID.LOCAL_VELOCITY,0.0000000,0.0000000,0.0000000,0.0000000
MsgID.LOCAL_POSITION,1765.2270000,-0.1216539,-0.0602462,0.0040240
MsgID.LOCAL_VELOCITY,1765.2270000,0.0007165,-0.0001528,-0.0000442
MsgID.GLOBAL_POSITION,0.0000000,-122.3957520,37.7932817,-0.0010000
MsgID.LOCAL_VELOCITY,0.0000000,0.0000000,0.0000000,0.0000000
MsgID.LOCAL_POSITION,1765.4770000,-0.0094232,-0.0605463,0.0019060
MsgID.LOCAL_VELOCITY,1765.4770000,0.0000014,-0.0000220,-0.0000233
MsgID.GLOBAL_POSITION,0.0000000,-122.3957520,37.7932809,0.0100000
MsgID.LOCAL_VELOCITY,0.0000000,0.0000000,0.0000000,0.0000000
MsgID.LOCAL_POSITION,1765.7280000,-0.0948073,-0.0603496,-0.0100873
MsgID.LOCAL_VELOCITY,1765.7280000,-0.0000156,-0.0000129,0.0000961
MsgID.GLOBAL_POSITION,0.0000000,-122.3957516,37.7932794,0.0280000
MsgID.LOCAL_VELOCITY,0.0000000,0.0000000,0.0000000,0.0000000
MsgID.LOCAL_POSITION,1765.9780000,-0.2662351,-0.0242558,-0.0283866
MsgID.LOCAL_VELOCITY,1765.9780000,0.0000110,-0.0000188,0.0000197
MsgID.STATE,0.0000000,True,True,1
MsgID.GLOBAL_HOME,0.0000000,-122.3957513,37.7932818,0.0000000
MsgID.GLOBAL_POSITION,0.0000000,-122.3957528,37.7932802,0.0490000
MsgID.LOCAL_VELOCITY,0.0000000,0.0000000,0.0000000,0.0000000
MsgID.LOCAL_POSITION,1766.2290000,-0.1787167,-0.1319683,-0.0492428
MsgID.LOCAL_VELOCITY,1766.2290000,-0.0000043,0.0000110,-0.0000110
MsgID.GLOBAL_POSITION,0.0000000,-122.3957529,37.7932817,0.0700000
MsgID.LOCAL_VELOCITY,0.0000000,0.0000000,0.0000000,0.0000000
MsgID.LOCAL_POSITION,1766.4790000,-0.0111500,-0.1377011,-0.0708958
MsgID.LOCAL_VELOCITY,1766.4790000,0.0000175,-0.0000078,-0.0000702
MsgID.GLOBAL_POSITION,0.0000000,-122.3957513,37.7932811,0.0910000
MsgID.LOCAL_VELOCITY,0.0000000,0.0000000,0.0000000,0.0000000
MsgID.LOCAL_POSITION,1766.7290000,-0.0784638,0.0008071,-0.0917485
MsgID.LOCAL_VELOCITY,1766.7290000,-0.0000057,0.0000233,0.0000245
MsgID.LOCAL_POSITION,1766.9790000,-0.1439927,-0.0310958,-0.1112119
MsgID.LOCAL_VELOCITY,1766.9790000,-0.0000022,0.0000000,-0.0000415
MsgID.GLOBAL_POSITION,0.0000000,-122.3957517,37.7932805,0.1110000
MsgID.LOCAL_VELOCITY,0.0000000,0.0000000,0.0000000,0.0000000
MsgID.STATE,0.0000000,True,True,1
MsgID.GLOBAL_HOME,0.0000000,-122.3957513,37.7932818,0.0000000
MsgID.GLOBAL_POSITION,0.0000000,-122.3957506,37.7932799,0.1300000
MsgID.LOCAL_VELOCITY,0.0000000,0.0000000,0.0000000,0.0000000
MsgID.LOCAL_POSITION,1767.2290000,-0.2056151,0.0700975,-0.1308288
MsgID.LOCAL_VELOCITY,1767.2290000,-0.0000192,-0.0000020,0.0000483
MsgID.GLOBAL_POSITION,0.0000000,-122.3957522,37.7932795,0.1510000
MsgID.LOCAL_VELOCITY,0.0000000,0.0000000,0.0000000,0.0000000
MsgID.LOCAL_POSITION,1767.4790000,-0.2561134,-0.0720119,-0.1511571
MsgID.LOCAL_VELOCITY,1767.4790000,-0.0000025,0.0000012,-0.0000414
MsgID.GLOBAL_POSITION,0.0000000,-122.3957507,37.7932809,0.1640000
MsgID.LOCAL_VELOCITY,0.0000000,0.0000000,0.0000000,0.0000000
MsgID.LOCAL_POSITION,1767.7290000,-0.1035255,0.0609912,-0.1646093
MsgID.LOCAL_VELOCITY,1767.7290000,-0.0000088,0.0000067,-0.0000413
MsgID.GLOBAL_POSITION,0.0000000,-122.3957523,37.7932807,0.1690000
MsgID.LOCAL_VELOCITY,0.0000000,0.0000000,0.0000000,0.0000000
MsgID.LOCAL_POSITION,1767.9790000,-0.1159948,-0.0874821,-0.1694871
MsgID.LOCAL_VELOCITY,1767.9790000,0.0000033,0.0000135,-0.0000104
MsgID.STATE,0.0000000,True,True,1
MsgID.GLOBAL_HOME,0.0000000,-122.3957513,37.7932818,0.0000000
MsgID.GLOBAL_POSITION,0.0000000,-122.3957533,37.7932807,0.1620000
MsgID.LOCAL_VELOCITY,0.0000000,0.0000000,0.0000000,0.0000000
MsgID.LOCAL_POSITION,1768.2300000,-0.1262911,-0.1766821,-0.1628397
MsgID.LOCAL_VELOCITY,1768.2300000,0.0000076,0.0000026,-0.0000047
MsgID.GLOBAL_POSITION,0.0000000,-122.3957521,37.7932805,0.1430000
MsgID.LOCAL_VELOCITY,0.0000000,0.0000000,0.0000000,0.0000000
MsgID.LOCAL_POSITION,1768.4800000,-0.1385406,-0.0629884,-0.1438334
MsgID.LOCAL_VELOCITY,1768.4800000,0.0000117,-0.0000199,0.0000199
MsgID.GLOBAL_POSITION,0.0000000,-122.3957522,37.7932805,0.1140000
MsgID.LOCAL_VELOCITY,0.0000000,0.0000000,0.0000000,0.0000000
MsgID.LOCAL_POSITION,1768.7300000,-0.1478279,-0.0786346,-0.1141621
MsgID.LOCAL_VELOCITY,1768.7300000,-0.0000050,-0.0000176,0.0000288
MsgID.GLOBAL_POSITION,0.0000000,-122.3957530,37.7932819,0.0740000
MsgID.LOCAL_VELOCITY,0.0000000,0.0000000,0.0000000,0.0000000
MsgID.LOCAL_POSITION,1768.9800000,0.0107555,-0.1476248,-0.0746262
MsgID.LOCAL_VELOCITY,1768.9800000,0.0000419,-0.0000047,0.0001069
MsgID.STATE,0.0000000,True,True,1
MsgID.GLOBAL_HOME,0.0000000,-122.3957513,37.7932818,0.0000000
MsgID.GLOBAL_POSITION,0.0000000,-122.3957519,37.7932812,0.0340000
MsgID.LOCAL_VELOCITY,0.0000000,0.0000000,0.0000000,0.0000000
MsgID.LOCAL_POSITION,1769.2310000,-0.0670810,-0.0449001,-0.0343476
MsgID.LOCAL_VELOCITY,1769.2310000,-0.0000065,-0.0000169,0.0000482
MsgID.GLOBAL_POSITION,0.0000000,-122.3957515,37.7932804,-0.0040000
MsgID.LOCAL_VELOCITY,0.0000000,0.0000000,0.0000000,0.0000000
MsgID.LOCAL_POSITION,1769.4810000,-0.1502532,-0.0094477,0.0049282
MsgID.LOCAL_VELOCITY,1769.4810000,0.0000126,0.0000021,-0.0000140
MsgID.GLOBAL_POSITION,0.0000000,-122.3957536,37.7932811,-0.0360000
MsgID.LOCAL_VELOCITY,0.0000000,0.0000000,0.0000000,0.0000000
MsgID.LOCAL_POSITION,1769.7300000,-0.0796021,-0.1984646,0.0364534
MsgID.LOCAL_VELOCITY,1769.7300000,-0.0000067,-0.0000234,-0.0000031
MsgID.GLOBAL_POSITION,0.0000000,-122.3957518,37.7932807,-0.0580000
MsgID.LOCAL_VELOCITY,0.0000000,0.0000000,0.0000000,0.0000000
MsgID.LOCAL_POSITION,1769.9810000,-0.1232255,-0.0402745,0.0588713
MsgID.LOCAL_VELOCITY,1769.9810000,0.0000346,-0.0000108,0.0000026
MsgID.STATE,0.0000000,True,True,1
MsgID.GLOBAL_HOME,0.0000000,-122.3957513,37.7932818,0.0000000
MsgID.GLOBAL_POSITION,0.0000000,-122.3957512,37.7932807,-0.0670000
MsgID.LOCAL_VELOCITY,0.0000000,0.0000000,0.0000000,0.0000000
MsgID.LOCAL_POSITION,1770.2310000,-0.1265304,0.0132248,0.0670851
MsgID.LOCAL_VELOCITY,1770.2310000,0.0000332,-0.0000002,0.0000483
MsgID.GLOBAL_POSITION,0.0000000,-122.3957535,37.7932807,-0.0560000
MsgID.LOCAL_VELOCITY,0.0000000,0.0000000,0.0000000,0.0000000
MsgID.LOCAL_POSITION,1770.4810000,-0.1263040,-0.1889238,0.0565145
MsgID.LOCAL_VELOCITY,1770.4810000,0.0000063,0.0000107,-0.0000489
MsgID.GLOBAL_POSITION,0.0000000,-122.3957519,37.7932807,-0.0220000
MsgID.LOCAL_VELOCITY,0.0000000,0.0000000,0.0000000,0.0000000
MsgID.LOCAL_POSITION,1770.7310000,-0.1262911,-0.0508916,0.0226560
MsgID.LOCAL_VELOCITY,1770.7310000,0.0000174,-0.0000220,0.0000197
MsgID.GLOBAL_POSITION,0.0000000,-122.3957532,37.7932805,0.0220000
MsgID.LOCAL_VELOCITY,0.0000000,0.0000000,0.0000000,0.0000000
MsgID.LOCAL_POSITION,1770.9810000,-0.1462498,-0.1673068,-0.0225780
MsgID.LOCAL_VELOCITY,1770.9810000,-0.0000000,-0.0000862,-0.0000214
MsgID.STATE,0.0000000,True,True,1
MsgID.GLOBAL_HOME,0.0000000,-122.3957513,37.7932818,0.0000000
MsgID.GLOBAL_POSITION,0.0000000,-122.3957527,37.7932806,0.0790000
MsgID.LOCAL_VELOCITY,0.0000000,0.0000000,0.0000000,0.0000000
MsgID.LOCAL_POSITION,1771.2310000,-0.1294537,-0.1163428,-0.0798236
MsgID.LOCAL_VELOCITY,1771.2310000,0.0000165,-0.0000130,-0.0000317
MsgID.GLOBAL_POSITION,0.0000000,-122.3957518,37.7932821,0.1350000
MsgID.LOCAL_VELOCITY,0.0000000,0.0000000,0.0000000,0.0000000
MsgID.LOCAL_POSITION,1771.4810000,0.0343101,-0.0444965,-0.1353728
MsgID.LOCAL_VELOCITY,1771.4810000,0.0000048,-0.0000045,-0.0000162
MsgID.GLOBAL_POSITION,0.0000000,-122.3957528,37.7932819,0.1800000
MsgID.LOCAL_VELOCITY,0.0000000,0.0000000,0.0000000,0.0000000
MsgID.LOCAL_POSITION,1771.7320000,0.0169772,-0.1307265,-0.1803487
MsgID.LOCAL_VELOCITY,1771.7320000,0.0000078,-0.0000052,-0.0000111
MsgID.GLOBAL_POSITION,0.0000000,-122.3957541,37.7932813,0.2050000
MsgID.LOCAL_VELOCITY,0.0000000,0.0000000,0.0000000,0.0000000
MsgID.LOCAL_POSITION,1771.9820000,-0.0491919,-0.2477626,-0.2058470
MsgID.LOCAL_VELOCITY,1771.9820000,0.0000087,0.0000009,-0.0000116
MsgID.STATE,0.0000000,True,True,1
MsgID.GLOBAL_HOME,0.0000000,-122.3957513,37.7932818,0.0000000
MsgID.GLOBAL_POSITION,0.0000000,-122.3957534,37.7932814,0.2070000
MsgID.LOCAL_VELOCITY,0.0000000,0.0000000,0.0000000,0.0000000
MsgID.LOCAL_POSITION,1772.2330000,-0.0480342,-0.1859746,-0.2071178
MsgID.LOCAL_VELOCITY,1772.2330000,-0.0000105,0.0000044,-0.0000520
MsgID.GLOBAL_POSITION,0.0000000,-122.3957535,37.7932797,0.1860000
MsgID.LOCAL_VELOCITY,0.0000000,0.0000000,0.0000000,0.0000000
MsgID.LOCAL_POSITION,1772.4830000,-0.2370020,-0.1880545,-0.1861484
MsgID.LOCAL_VELOCITY,1772.4830000,0.0000055,-0.0000007,-0.0000315
MsgID.GLOBAL_POSITION,0.0000000,-122.3957512,37.7932792,0.1520000
MsgID.LOCAL_VELOCITY,0.0000000,0.0000000,0.0000000,0.0000000
MsgID.LOCAL_POSITION,1772.7370000,-0.2869894,0.0169914,-0.1526262
MsgID.LOCAL_VELOCITY,1772.7370000,-0.0000078,0.0000065,-0.0000411
MsgID.GLOBAL_POSITION,0.0000000,-122.3957512,37.7932795,0.1050000
MsgID.LOCAL_VELOCITY,0.0000000,0.0000000,0.0000000,0.0000000
MsgID.LOCAL_POSITION,1772.9880000,-0.2502604,0.0161119,-0.1053933
MsgID.LOCAL_VELOCITY,1772.9880000,0.0000234,-0.0000005,-0.0000783
MsgID.STATE,0.0000000,True,True,1
MsgID.GLOBAL_HOME,0.0000000,-122.3957513,37.7932818,0.0000000
MsgID.GLOBAL_POSITION,0.0000000,-122.3957520,37.7932814,0.0570000
MsgID.LOCAL_VELOCITY,0.0000000,0.0000000,0.0000000,0.0000000
MsgID.LOCAL_POSITION,1773.2380000,-0.0386757,-0.0605256,-0.0576741
MsgID.LOCAL_VELOCITY,1773.2380000,-0.0000043,0.0000045,-0.0000412
MsgID.GLOBAL_POSITION,0.0000000,-122.3957517,37.7932813,0.0150000
MsgID.LOCAL_VELOCITY,0.0000000,0.0000000,0.0000000,0.0000000
MsgID.LOCAL_POSITION,1773.4890000,-0.0583305,-0.0281363,-0.0157791
MsgID.LOCAL_VELOCITY,1773.4890000,0.0000073,-0.0000132,0.0000194
MsgID.GLOBAL_POSITION,0.0000000,-122.3957517,37.7932809,-0.0220000
MsgID.LOCAL_VELOCITY,0.0000000,0.0000000,0.0000000,0.0000000
MsgID.LOCAL_POSITION,1773.7390000,-0.0962430,-0.0270911,0.0220458
MsgID.LOCAL_VELOCITY,1773.7390000,0.0000002,0.0000112,-0.0000682
MsgID.GLOBAL_POSITION,0.0000000,-122.3957523,37.7932820,-0.0410000
MsgID.LOCAL_VELOCITY,0.0000000,0.0000000,0.0000000,0.0000000
MsgID.LOCAL_POSITION,1773.9900000,0.0264004,-0.0843984,0.0411876
MsgID.LOCAL_VELOCITY,1773.9900000,0.0000051,0.0000054,-0.0000342
MsgID.STATE,0.0000000,True,True,1
MsgID.GLOBAL_HOME,0.0000000,-122.3957513,37.7932818,0.0000000
MsgID.GLOBAL_POSITION,0.0000000,-122.3957539,37.7932815,-0.0400000
MsgID.LOCAL_VELOCITY,0.0000000,0.0000000,0.0000000,0.0000000
MsgID.LOCAL_POSITION,1774.2410000,-0.0292267,-0.2257006,0.0405875
MsgID.LOCAL_VELOCITY,1774.2410000,-0.0000003,0.0000062,0.0000570
MsgID.GLOBAL_POSITION,0.0000000,-122.3957537,37.7932813,-0.0160000
MsgID.LOCAL_VELOCITY,0.0000000,0.0000000,0.0000000,0.0000000
MsgID.LOCAL_POSITION,1774.4900000,-0.0526197,-0.2086367,0.0164156
MsgID.LOCAL_VELOCITY,1774.4900000,0.0000279,-0.0000225,0.0000845
MsgID.LOCAL_POSITION,1774.7410000,-0.1232255,-0.1991683,-0.0273946
MsgID.LOCAL_VELOCITY,1774.7410000,0.0000136,-0.0000028,0.0000130
MsgID.GLOBAL_POSITION,0.0000000,-122.3957536,37.7932807,0.0270000
MsgID.LOCAL_VELOCITY,0.0000000,0.0000000,0.0000000,0.0000000
MsgID.LOCAL_POSITION,1774.9910000,-0.1263040,-0.0651097,-0.0832231
MsgID.LOCAL_VELOCITY,1774.9910000,-0.0000023,-0.0000162,-0.0000300
MsgID.GLOBAL_POSITION,0.0000000,-122.3957521,37.7932807,0.0830000
MsgID.LOCAL_VELOCITY,0.0000000,0.0000000,0.0000000,0.0000000
MsgID.STATE,0.0000000,True,True,1
MsgID.GLOBAL_HOME,0.0000000,-122.3957513,37.7932818,0.0000000
MsgID.LOCAL_POSITION,1775.2420000,-0.1890971,0.0525990,-0.1366789
MsgID.LOCAL_VELOCITY,1775.2420000,0.0000174,-0.0000158,0.0000128
MsgID.GLOBAL_POSITION,0.0000000,-122.3957508,37.7932801,0.1360000
MsgID.LOCAL_VELOCITY,0.0000000,0.0000000,0.0000000,0.0000000
MsgID.LOCAL_POSITION,1775.4920000,-0.2398218,-0.1998927,-0.1860772
MsgID.LOCAL_VELOCITY,1775.4920000,-0.0000099,-0.0000177,0.0000375
MsgID.GLOBAL_POSITION,0.0000000,-122.3957536,37.7932796,0.1860000
MsgID.LOCAL_VELOCITY,0.0000000,0.0000000,0.0000000,0.0000000
MsgID.LOCAL_POSITION,1775.7440000,-0.0169643,-0.0877512,-0.2202897
MsgID.LOCAL_VELOCITY,1775.7440000,-0.0000088,0.0000163,0.0000568
MsgID.GLOBAL_POSITION,0.0000000,-122.3957523,37.7932816,0.2200000
MsgID.LOCAL_VELOCITY,0.0000000,0.0000000,0.0000000,0.0000000
MsgID.LOCAL_POSITION,1775.9940000,-0.0607429,-0.0323065,-0.2319385
MsgID.LOCAL_VELOCITY,1775.9940000,-0.0000072,0.0000197,-0.0000023
MsgID.GLOBAL_POSITION,0.0000000,-122.3957517,37.7932812,0.2310000
MsgID.LOCAL_VELOCITY,0.0000000,0.0000000,0.0000000,0.0000000
MsgID.STATE,0.0000000,True,True,1
MsgID.GLOBAL_HOME,0.0000000,-122.3957513,37.7932818,0.0000000
MsgID.LOCAL_POSITION,1776.2440000,-0.1263105,-0.0897277,-0.2248316
MsgID.LOCAL_VELOCITY,1776.2440000,-0.0000031,0.0000005,-0.0000411
MsgID.GLOBAL_POSITION,0.0000000,-122.3957524,37.7932807,0.2240000
MsgID.LOCAL_VELOCITY,0.0000000,0.0000000,0.0000000,0.0000000
MsgID.LOCAL_POSITION,1776.4950000,-0.1625803,-0.0974576,-0.2022339
MsgID.LOCAL_VELOCITY,1776.4950000,-0.0000008,0.0000007,-0.0000360
MsgID.GLOBAL_POSITION,0.0000000,-122.3957524,37.7932803,0.2020000
MsgID.LOCAL_VELOCITY,0.0000000,0.0000000,0.0000000,0.0000000
MsgID.GLOBAL_POSITION,0.0000000,-122.3957520,37.7932801,0.1730000
MsgID.LOCAL_VELOCITY,0.0000000,0.0000000,0.0000000,0.0000000
MsgID.LOCAL_POSITION,1776.7450000,-0.1929323,-0.0606290,-0.1737378
MsgID.LOCAL_VELOCITY,1776.7450000,0.0000136,-0.0000042,-0.0000344
MsgID.GLOBAL_POSITION,0.0000000,-122.3957512,37.7932799,0.1430000
MsgID.LOCAL_VELOCITY,0.0000000,0.0000000,0.0000000,0.0000000
MsgID.LOCAL_POSITION,1776.9950000,-0.2057509,0.0112069,-0.1434581
MsgID.LOCAL_VELOCITY,1776.9950000,-0.0000055,0.0000042,-0.0000360
MsgID.STATE,0.0000000,True,True,1
MsgID.GLOBAL_HOME,0.0000000,-122.3957513,37.7932818,0.0000000
MsgID.GLOBAL_POSITION,0.0000000,-122.3957511,37.7932793,0.1160000
MsgID.LOCAL_VELOCITY,0.0000000,0.0000000,0.0000000,0.0000000
MsgID.LOCAL_POSITION,1777.2460000,-0.2774174,0.0236970,-0.1163511
MsgID.LOCAL_VELOCITY,1777.2460000,0.0000113,-0.0000048,-0.0000518
MsgID.GLOBAL_POSITION,0.0000000,-122.3957534,37.7932805,0.1010000
MsgID.LOCAL_VELOCITY,0.0000000,0.0000000,0.0000000,0.0000000
MsgID.LOCAL_POSITION,1777.4970000,-0.1476597,-0.1819699,-0.1011186
MsgID.LOCAL_VELOCITY,1777.4970000,0.0000036,-0.0000190,-0.0000221
MsgID.GLOBAL_POSITION,0.0000000,-122.3957516,37.7932800,0.0950000
MsgID.LOCAL_VELOCITY,0.0000000,0.0000000,0.0000000,0.0000000
MsgID.LOCAL_POSITION,1777.7470000,-0.1947885,-0.0230554,-0.0956298
MsgID.LOCAL_VELOCITY,1777.7470000,0.0000172,-0.0000065,-0.0000492
MsgID.GLOBAL_POSITION,0.0000000,-122.3957499,37.7932800,0.1010000
MsgID.LOCAL_VELOCITY,0.0000000,0.0000000,0.0000000,0.0000000
MsgID.LOCAL_POSITION,1777.9960000,-0.2034679,0.1258629,-0.1012944
MsgID.LOCAL_VELOCITY,1777.9960000,0.0000126,0.0000007,-0.0000105
MsgID.STATE,0.0000000,True,True,1
MsgID.GLOBAL_HOME,0.0000000,-122.3957513,37.7932818,0.0000000
MsgID.GLOBAL_POSITION,0.0000000,-122.3957517,37.7932818,0.1160000
MsgID.LOCAL_VELOCITY,0.0000000,0.0000000,0.0000000,0.0000000
MsgID.LOCAL_POSITION,1778.2470000,0.0004592,-0.0271946,-0.1162955
MsgID.LOCAL_VELOCITY,1778.2470000,-0.0000149,-0.0000150,0.0000776
MsgID.GLOBAL_POSITION,0.0000000,-122.3957529,37.7932821,0.1390000
MsgID.LOCAL_VELOCITY,0.0000000,0.0000000,0.0000000,0.0000000
MsgID.LOCAL_POSITION,1778.4970000,0.0346982,-0.1421818,-0.1392009
MsgID.LOCAL_VELOCITY,1778.4970000,0.0000135,-0.0000238,0.0000199
MsgID.GLOBAL_POSITION,0.0000000,-122.3957526,37.7932815,0.1650000
MsgID.LOCAL_VELOCITY,0.0000000,0.0000000,0.0000000,0.0000000
MsgID.LOCAL_POSITION,1778.7470000,-0.0351833,-0.1128037,-0.1650853
MsgID.LOCAL_VELOCITY,1778.7470000,0.0000115,-0.0000050,-0.0000577
MsgID.GLOBAL_POSITION,0.0000000,-122.3957521,37.7932800,0.1830000
MsgID.LOCAL_VELOCITY,0.0000000,0.0000000,0.0000000,0.0000000
MsgID.LOCAL_POSITION,1778.9970000,-0.2036684,-0.0666102,-0.1839669
MsgID.LOCAL_VELOCITY,1778.9970000,-0.0000034,-0.0000119,-0.0000225
MsgID.STATE,0.0000000,True,True,1
MsgID.GLOBAL_HOME,0.0000000,-122.3957513,37.7932818,0.0000000
MsgID.GLOBAL_POSITION,0.0000000,-122.3957523,37.7932800,0.1960000
MsgID.LOCAL_VELOCITY,0.0000000,0.0000000,0.0000000,0.0000000
MsgID.LOCAL_POSITION,1779.2470000,-0.2037072,-0.0808491,-0.1960949
MsgID.LOCAL_VELOCITY,1779.2470000,0.0000261,0.0000167,0.0000676
MsgID.GLOBAL_POSITION,0.0000000,-122.3957535,37.7932799,0.1960000
MsgID.LOCAL_VELOCITY,0.0000000,0.0000000,0.0000000,0.0000000
MsgID.LOCAL_POSITION,1779.4980000,-0.2071673,-0.1936632,-0.1968840
MsgID.LOCAL_VELOCITY,1779.4980000,0.0000070,0.0000152,-0.0000758
MsgID.GLOBAL_POSITION,0.0000000,-122.3957514,37.7932805,0.1900000
MsgID.LOCAL_VELOCITY,0.0000000,0.0000000,0.0000000,0.0000000
MsgID.LOCAL_POSITION,1779.7480000,-0.1397241,-0.0028767,-0.1902124
MsgID.LOCAL_VELOCITY,1779.7480000,0.0000104,0.0000022,-0.0000683
MsgID.GLOBAL_POSITION,0.0000000,-122.3957505,37.7932807,0.1820000
MsgID.LOCAL_VELOCITY,0.0000000,0.0000000,0.0000000,0.0000000
MsgID.LOCAL_POSITION,1779.9980000,-0.1235747,0.0723120,-0.1826164
MsgID.LOCAL_VELOCITY,1779.9980000,-0.0000056,0.0000139,0.0000256
MsgID.STATE,0.0000000,True,True,1
MsgID.GLOBAL_HOME,0.0000000,-122.3957513,37.7932818,0.0000000
MsgID.GLOBAL_POSITION,0.0000000,-122.3957501,37.7932817,0.1790000
MsgID.LOCAL_VELOCITY,0.0000000,0.0000000,0.0000000,0.0000000
MsgID.LOCAL_POSITION,1780.2480000,-0.0082202,0.1086645,-0.1793225
MsgID.LOCAL_VELOCITY,1780.2480000,-0.0000105,-0.0000063,0.0000484
MsgID.GLOBAL_POSITION,0.0000000,-122.3957502,37.7932809,0.1830000
MsgID.LOCAL_VELOCITY,0.0000000,0.0000000,0.0000000,0.0000000
MsgID.LOCAL_POSITION,1780.4980000,-0.0972132,0.1037803,-0.1837994
MsgID.LOCAL_VELOCITY,1780.4980000,0.0000136,-0.0000047,0.0000132
MsgID.GLOBAL_POSITION,0.0000000,-122.3957515,37.7932794,0.1950000
MsgID.LOCAL_VELOCITY,0.0000000,0.0000000,0.0000000,0.0000000
MsgID.LOCAL_POSITION,1780.7490000,-0.2653103,-0.0109896,-0.1953082
MsgID.LOCAL_VELOCITY,1780.7490000,0.0000194,-0.0000239,0.0000199
MsgID.GLOBAL_POSITION,0.0000000,-122.3957527,37.7932795,0.2100000
MsgID.LOCAL_VELOCITY,0.0000000,0.0000000,0.0000000,0.0000000
MsgID.LOCAL_POSITION,1780.9990000,-0.2555055,-0.1215685,-0.2104199
MsgID.LOCAL_VELOCITY,1780.9990000,0.0000029,-0.0000101,0.0000201
MsgID.STATE,0.0000000,True,True,1
MsgID.GLOBAL_HOME,0.0000000,-122.3957513,37.7932818,0.0000000
MsgID.GLOBAL_POSITION,0.0000000,-122.3957539,37.7932790,0.2240000
MsgID.LOCAL_VELOCITY,0.0000000,0.0000000,0.0000000,0.0000000
MsgID.LOCAL_POSITION,1781.2490000,-0.3127753,-0.2291879,-0.2248700
MsgID.LOCAL_VELOCITY,1781.2490000,0.0000286,-0.0000234,0.0000855
MsgID.GLOBAL_POSITION,0.0000000,-122.3957538,37.7932800,0.2340000
MsgID.LOCAL_VELOCITY,0.0000000,0.0000000,0.0000000,0.0000000
MsgID.LOCAL_POSITION,1781.5000000,-0.1969810,-0.2223272,-0.2346818
MsgID.LOCAL_VELOCITY,1781.5000000,0.0000017,0.0000087,-0.0000026
MsgID.GLOBAL_POSITION,0.0000000,-122.3957535,37.7932805,0.2340000
MsgID.LOCAL_VELOCITY,0.0000000,0.0000000,0.0000000,0.0000000
MsgID.LOCAL_POSITION,1781.7490000,-0.1386246,-0.1928974,-0.2347928
MsgID.LOCAL_VELOCITY,1781.7490000,0.0000174,-0.0000112,0.0000069
MsgID.GLOBAL_POSITION,0.0000000,-122.3957526,37.7932799,0.2240000
MsgID.LOCAL_VELOCITY,0.0000000,0.0000000,0.0000000,0.0000000
MsgID.LOCAL_POSITION,1782.0000000,-0.2102911,-0.1127313,-0.2242293
MsgID.LOCAL_VELOCITY,1782.0000000,-0.0000033,-0.0000076,-0.0000844
MsgID.STATE,0.0000000,True,True,1
MsgID.GLOBAL_HOME,0.0000000,-122.3957513,37.7932818,0.0000000
MsgID.GLOBAL_POSITION,0.0000000,-122.3957504,37.7932809,0.2030000
MsgID.LOCAL_VELOCITY,0.0000000,0.0000000,0.0000000,0.0000000
MsgID.LOCAL_POSITION,1782.2490000,-0.0950660,0.0822667,-0.2031319
MsgID.LOCAL_VELOCITY,1782.2490000,0.0000372,-0.0000091,0.0000589
MsgID.GLOBAL_POSITION,0.0000000,-122.3957502,37.7932820,0.1710000
MsgID.LOCAL_VELOCITY,0.0000000,0.0000000,0.0000000,0.0000000
MsgID.LOCAL_POSITION,1782.5000000,0.0205990,0.0997652,-0.1715297
MsgID.LOCAL_VELOCITY,1782.5000000,0.0002821,-0.0002188,-0.0000524
MsgID.GLOBAL_POSITION,0.0000000,-122.3957515,37.7932808,0.1370000
MsgID.LOCAL_VELOCITY,0.0000000,0.0000000,0.0000000,0.0000000
MsgID.LOCAL_POSITION,1782.7500000,-0.1076453,-0.0159463,-0.1374088
MsgID.LOCAL_VELOCITY,1782.7500000,-0.0000056,0.0000231,0.0000266
MsgID.GLOBAL_POSITION,0.0000000,-122.3957521,37.7932807,0.1040000
MsgID.LOCAL_VELOCITY,0.0000000,0.0000000,0.0000000,0.0000000
MsgID.LOCAL_POSITION,1783.0000000,-0.1262911,-0.0648924,-0.1045017
MsgID.LOCAL_VELOCITY,1783.0000000,0.0000368,-0.0000091,0.0000589
MsgID.STATE,0.0000000,True,True,1
MsgID.GLOBAL_HOME,0.0000000,-122.3957513,37.7932818,0.0000000
MsgID.GLOBAL_POSITION,0.0000000,-122.3957518,37.7932806,0.0810000
MsgID.LOCAL_VELOCITY,0.0000000,0.0000000,0.0000000,0.0000000
MsgID.LOCAL_POSITION,1783.2500000,-0.1351710,-0.0386912,-0.0810570
MsgID.LOCAL_VELOCITY,1783.2500000,0.0000162,0.0000005,-0.0000132
MsgID.GLOBAL_POSITION,0.0000000,-122.3957530,37.7932796,0.0700000
MsgID.LOCAL_VELOCITY,0.0000000,0.0000000,0.0000000,0.0000000
MsgID.LOCAL_POSITION,1783.5000000,-0.2474923,-0.1435477,-0.0703471
MsgID.LOCAL_VELOCITY,1783.5000000,0.0000122,0.0000030,-0.0000140
MsgID.GLOBAL_POSITION,0.0000000,-122.3957509,37.7932791,0.0780000
MsgID.LOCAL_VELOCITY,0.0000000,0.0000000,0.0000000,0.0000000
MsgID.LOCAL_POSITION,1783.7510000,-0.2949120,0.0440101,-0.0785389
MsgID.LOCAL_VELOCITY,1783.7510000,0.0000014,-0.0000227,-0.0000230
MsgID.GLOBAL_POSITION,0.0000000,-122.3957512,37.7932806,0.1010000
MsgID.LOCAL_VELOCITY,0.0000000,0.0000000,0.0000000,0.0000000
MsgID.LOCAL_POSITION,1784.0000000,-0.1364645,0.0145183,-0.1012827
MsgID.LOCAL_VELOCITY,1784.0000000,0.0000081,0.0000075,-0.0000139
MsgID.STATE,0.0000000,True,True,1
MsgID.GLOBAL_HOME,0.0000000,-122.3957513,37.7932818,0.0000000
MsgID.GLOBAL_POSITION,0.0000000,-122.3957534,37.7932802,0.1350000
MsgID.LOCAL_VELOCITY,0.0000000,0.0000000,0.0000000,0.0000000
MsgID.LOCAL_POSITION,1784.2510000,-0.1793312,-0.1821044,-0.1353608
MsgID.LOCAL_VELOCITY,1784.2510000,-0.0000093,0.0000121,0.0000567
MsgID.GLOBAL_POSITION,0.0000000,-122.3957508,37.7932801,0.1720000
MsgID.LOCAL_VELOCITY,0.0000000,0.0000000,0.0000000,0.0000000
MsgID.LOCAL_POSITION,1784.5010000,-0.1898667,0.0455416,-0.1729770
MsgID.LOCAL_VELOCITY,1784.5010000,0.0000101,0.0000033,-0.0000139
MsgID.LOCAL_POSITION,1784.7520000,-0.1285806,-0.0343140,-0.2000600
MsgID.LOCAL_VELOCITY,1784.7520000,0.0000029,0.0000028,-0.0000110
MsgID.GLOBAL_POSITION,0.0000000,-122.3957517,37.7932806,0.2000000
MsgID.LOCAL_VELOCITY,0.0000000,0.0000000,0.0000000,0.0000000
MsgID.GLOBAL_POSITION,0.0000000,-122.3957513,37.7932807,0.2110000
MsgID.LOCAL_VELOCITY,0.0000000,0.0000000,0.0000000,0.0000000
MsgID.LOCAL_POSITION,1785.0020000,-0.1259807,0.0066331,-0.2115560
MsgID.LOCAL_VELOCITY,1785.0020000,-0.0000015,0.0000180,-0.0000684
MsgID.STATE,0.0000000,True,True,1
MsgID.GLOBAL_HOME,0.0000000,-122.3957513,37.7932818,0.0000000
MsgID.LOCAL_POSITION,1785.2520000,-0.1262846,0.0269773,-0.2042741
MsgID.LOCAL_VELOCITY,1785.2520000,-0.0000064,-0.0000120,0.0000095
